   3   365    95    33
 niva_brom_carb_DIC niva_brom_carb_Alk niva_brom_bio_Phy niva_brom_bio_Het niva_brom_bio_NO3 niva_brom_bio_PO4 niva_brom_bio_NH4 niva_brom_bio_PON niva_brom_bio_DON niva_brom_bio_O2 niva_brom_redox_Mn2 niva_brom_redox_Mn3 niva_brom_redox_Mn4 niva_brom_redox_H2S niva_brom_redox_MnS niva_brom_redox_MnCO3 niva_brom_redox_Fe2 niva_brom_redox_Fe3 niva_brom_redox_FeS niva_brom_redox_FeCO3 niva_brom_redox_NO2 niva_brom_redox_S0 niva_brom_redox_S2O3 niva_brom_redox_SO4 niva_brom_redox_Si niva_brom_redox_Sipart niva_brom_redox_Baae niva_brom_redox_Bhae niva_brom_redox_Baan niva_brom_redox_Bhan niva_brom_redox_CaCO3 niva_brom_redox_FeS2 niva_brom_redox_CH4
 i  k Depth  t   s   Kz  hz Vol  _DIC _Alk Phy Het NO3 PO4 NH4 PON DON O2 x_Mn2 x_Mn3 x_Mn4 x_H2S x_MnS x_MnCO3 x_Fe2 x_Fe3 x_FeS x_FeCO3 x_NO2 x_S0 x_S2O3 x_SO4 x_Si x_Sipart x_Baae x_Bhae x_Baan x_Bhan x_CaCO3 x_FeS2 x_CH4
    1    1   1.0000     4.032227516     7.412006855     0.000072456     1.000000000     0.000000000    128.843978026     92.411848529      0.000000124      0.000031694      2.602741600      0.475120321      0.000020347      0.000003411      0.000485604    382.237809214      0.001503815      0.001159206      0.002000000      0.000000162      0.062648191      0.000000000      0.000000000      0.000500000      0.000000000      0.000000000      0.000002047      0.000003076      0.000003006   5979.463752771     13.183707330      0.000000064      0.000159945      0.000000044      0.000000000      0.000000000      0.000000000      0.000000000      0.000000000
    1    2   2.0000     4.032277584     7.412008286     0.000072456     1.000000000     0.000000000    134.257835777     92.414283874      0.000000125      0.000036988      3.030307654      0.526572698      0.000020877      0.000004896      0.000488842    373.225067947      0.001510581      0.001165558      0.002016492      0.000000166      0.062653165      0.000000000      0.000000000      0.000500000      0.000000000      0.000000000      0.000002098      0.000003027      0.000002975   5973.027396963     14.122313305      0.000000094      0.000169494      0.000000047      0.000000000      0.000000000      0.000000000      0.000000000      0.000000000
    1    3   3.0000     4.032766342     7.412024021     0.000072413     1.000000000     0.000000000    139.627513103     92.419192791      0.000000124      0.000043094      3.459329412      0.578407299      0.000021739      0.000006311      0.000495168    364.318060873      0.001524173      0.001178315      0.002033411      0.000000169      0.062663120      0.000000000      0.000000000      0.000500000      0.000000000      0.000000000      0.000002183      0.000002967      0.000002925   5966.855094341     15.064260239      0.000000125      0.000178831      0.000000050      0.000000000      0.000000000      0.000000000      0.000000000      0.000000000
    1    4   4.0000     4.033254623     7.412039757     0.000072512     1.000000000     0.000000000    144.992769836     92.426634324      0.000000120      0.000050017      3.889970509      0.630826188      0.000022843      0.000007689      0.000504421    355.464260452      0.001544658      0.001197537      0.002050668      0.000000173      0.062678030      0.000000000      0.000000000      0.000500000      0.000000000      0.000000000      0.000002293      0.000002904      0.000002867   5961.184178796     16.010139834      0.000000155      0.000188078      0.000000053      0.000000000      0.000000000      0.000000000      0.000000000      0.000000000
    1    5   5.0000     4.033743382     7.412055492     0.000072441     1.000000000     0.000000000    150.365870885     92.436730392      0.000000115      0.000057742      4.323885831      0.684157681      0.000024155      0.000009048      0.000516485    346.655740799      0.001572239      0.001223406      0.002068386      0.000000177      0.062697927      0.000000000      0.000000000      0.000500000      0.000000000      0.000000000      0.000002425      0.000002841      0.000002805   5956.156181479     16.964007905      0.000000186      0.000197309      0.000000056      0.000000000      0.000000000      0.000000000      0.000000000      0.000000000
    1    6   6.0000     4.034232140     7.412071228     0.000072484     1.000000000     0.000000000    155.737867499     92.449606362      0.000000108      0.000066234      4.760648857      0.738416499      0.000025661      0.000010398      0.000531218    337.917816805      0.001607083      0.001256070      0.002086649      0.000000182      0.062722780      0.000000000      0.000000000      0.000500001      0.000000000      0.000000000      0.000002576      0.000002779      0.000002742   5951.856350855     17.925556469      0.000000217      0.000206570      0.000000059      0.000000000      0.000000000      0.000000000      0.000000000      0.000000000
    1    7   7.0000     4.034530640     7.412088394     0.000072483     1.000000000     0.000000000    161.111132504     92.465442394      0.000000101      0.000075472      5.200421094      0.793638742      0.000027360      0.000011751      0.000548511    329.255496339      0.001649471      0.001295781      0.002105567      0.000000186      0.062752597      0.000000000      0.000000000      0.000500001      0.000000000      0.000000000      0.000002747      0.000002718      0.000002679   5948.291564229     18.895948273      0.000000247      0.000215926      0.000000062      0.000000000      0.000000000      0.000000000      0.000000000      0.000000000
    1    8   8.0000     4.034800529     7.412106514     0.000072526     1.000000000     0.000000000    166.481536409     92.484435350      0.000000092      0.000085432      5.642607313      0.849731822      0.000029256      0.000013113      0.000568251    320.682674911      0.001699698      0.001342798      0.002125239      0.000000190      0.062787356      0.000000000      0.000000000      0.000500001      0.000000000      0.000000000      0.000002937      0.000002658      0.000002616   5945.426325454     19.874800896      0.000000277      0.000225431      0.000000065      0.000000000      0.000000000      0.000000000      0.000000000      0.000000000
    1    9   9.0000     4.035070419     7.412124157     0.000072483     1.000000000     0.000000000    171.854224216     92.506848637      0.000000084      0.000096107      6.087250549      0.906666324      0.000031357      0.000014492      0.000590364    312.196925326      0.001758205      0.001397518      0.002145792      0.000000195      0.062827095      0.000000000      0.000000000      0.000500001      0.000000000      0.000000000      0.000003149      0.000002600      0.000002554   5943.194053240     20.863210934      0.000000307      0.000235151      0.000000068      0.000000000      0.000000000      0.000000000      0.000000000      0.000000000
    1   10  10.0000     4.035340309     7.412141800     0.000072497     1.000000000     0.000000000    177.223672366     92.532939883      0.000000075      0.000107476      6.533464232      0.964288819      0.000033673      0.000015894      0.000614752    303.811426980      0.001825401      0.001460300      0.002167340      0.000000200      0.062871782      0.000000000      0.000000000      0.000500001      0.000000000      0.000000000      0.000003381      0.000002543      0.000002493   5941.523439908     21.860237485      0.000000336      0.000245132      0.000000071      0.000000000      0.000000000      0.000000000      0.000000000      0.000000000
    1   11  11.0000     4.035577774     7.412160397     0.000072554     1.000000000     0.000000000    182.585262336     92.562995589      0.000000067      0.000119521      6.980426878      1.022454447      0.000036214      0.000017323      0.000641322    295.536483987      0.001901756      0.001531560      0.002189998      0.000000205      0.062921383      0.000000000      0.000000000      0.000500001      0.000000000      0.000000000      0.000003637      0.000002487      0.000002434   5940.341357626     22.865068256      0.000000365      0.000255414      0.000000074      0.000000000      0.000000000      0.000000000      0.000000000      0.000000000
    1   12  12.0000     4.035774231     7.412179947     0.000072497     1.000000000     0.000000000    187.945777915     92.597399236      0.000000059      0.000132249      7.428280618      1.081148235      0.000038998      0.000018784      0.000670051    287.363721860      0.001987978      0.001611930      0.002213925      0.000000210      0.062975974      0.000000000      0.000000000      0.000500001      0.000000000      0.000000000      0.000003917      0.000002433      0.000002376   5939.576762179     23.879040159      0.000000394      0.000266054      0.000000077      0.000000001      0.000000000      0.000000000      0.000000000      0.000000000
    1   13  13.0000     4.035970211     7.412199974     0.000072568     1.000000000     0.000000000    193.294028408     92.636455779      0.000000051      0.000145634      7.875683515      1.140166424      0.000042034      0.000020280      0.000700830    279.311336150      0.002084581      0.001701856      0.002239238      0.000000216      0.063035459      0.000000000      0.000000000      0.000500001      0.000000000      0.000000000      0.000004222      0.000002380      0.000002319   5939.167814270     24.900116312      0.000000422      0.000277067      0.000000080      0.000000001      0.000000000      0.000000000      0.000000000      0.000000000
    1   14  14.0000     4.036166191     7.412219524     0.000072525     1.000000000     0.000000000    198.636499559     92.680619755      0.000000045      0.000159687      8.322785864      1.199506453      0.000045344      0.000021816      0.000733655    271.369882199      0.002192464      0.001802139      0.002266113      0.000000222      0.063099927      0.000000000      0.000000000      0.000500001      0.000000000      0.000000000      0.000004555      0.000002329      0.000002263   5939.057085788     25.929624774      0.000000451      0.000288499      0.000000083      0.000000001      0.000000000      0.000000000      0.000000000      0.000000000
    1   15  15.0000     4.036362171     7.412239075     0.000072539     1.000000000     0.000000000    203.966962927     92.730281784      0.000000038      0.000174397      8.768685803      1.259031785      0.000048944      0.000023395      0.000768461    263.548367548      0.002312383      0.001913440      0.002294708      0.000000228      0.063169332      0.000000000      0.000000000      0.000500001      0.000000000      0.000000000      0.000004918      0.000002279      0.000002209   5939.194443626     26.966468509      0.000000480      0.000300362      0.000000086      0.000000001      0.000000000      0.000000000      0.000000000      0.000000000
    1   16  16.0000     4.036530972     7.412261486     0.000072539     1.000000000     0.000000000    209.284281772     92.785900531      0.000000033      0.000189761      9.212916572      1.318668077      0.000052856      0.000025020      0.000805218    255.847628466      0.002445292      0.002036598      0.002325204      0.000000234      0.063243689      0.000000000      0.000000000      0.000500002      0.000000000      0.000000000      0.000005312      0.000002231      0.000002156   5939.535656227     28.010525424      0.000000509      0.000312675      0.000000089      0.000000001      0.000000000      0.000000000      0.000000000      0.000000000
    1   17  17.0000     4.036694527     7.412283897     0.000072567     1.000000000     0.000000000    214.584066232     92.847927857      0.000000028      0.000205771      9.654747086      1.378309933      0.000057102      0.000026693      0.000843883    248.272765968      0.002592172      0.002172470      0.002357783      0.000000240      0.063322970      0.000000000      0.000000000      0.000500002      0.000000000      0.000000000      0.000005739      0.000002184      0.000002105   5940.042161312     29.061029509      0.000000539      0.000325443      0.000000092      0.000000001      0.000000000      0.000000000      0.000000000      0.000000000
    1   18  18.0000     4.036857605     7.412306309     0.000072552     1.000000000     0.000000000    219.867007733     92.916900643      0.000000023      0.000222432     10.093876195      1.437914238      0.000061708      0.000028417      0.000884459    240.821248985      0.002754256      0.002322140      0.002392664      0.000000247      0.063407230      0.000000000      0.000000000      0.000500002      0.000000000      0.000000000      0.000006203      0.000002138      0.000002055   5940.681381656     30.118213476      0.000000569      0.000338679      0.000000095      0.000000001      0.000000000      0.000000000      0.000000000      0.000000000
    1   19  19.0000     4.037021160     7.412328243     0.000072567     1.000000000     0.000000000    225.128517468     92.993319621      0.000000019      0.000239733     10.529567581      1.497383270      0.000066703      0.000030193      0.000926916    233.497803084      0.002932760      0.002486662      0.002430062      0.000000254      0.063496444      0.000000000      0.000000000      0.000500002      0.000000000      0.000000000      0.000006707      0.000002094      0.000002006   5941.425296113     31.181254528      0.000000600      0.000352377      0.000000098      0.000000001      0.000000000      0.000000000      0.000000000      0.000000000
    1   20  20.0000     4.037182808     7.412351608     0.000072524     1.000000000     0.000000000    230.370122672     93.077802794      0.000000016      0.000257684     10.961594544      1.556692980      0.000072123      0.000032024      0.000971284    226.298439015      0.003129254      0.002667412      0.002470246      0.000000261      0.063590702      0.000000000      0.000000000      0.000500002      0.000000000      0.000000000      0.000007253      0.000002051      0.000001959   5942.251324706     32.250559621      0.000000632      0.000366546      0.000000101      0.000000001      0.000000000      0.000000000      0.000000000      0.000000000
    1   21  21.0000     4.037331104     7.412377357     0.000072580     1.000000000     0.000000000    235.582017383     93.170817508      0.000000013      0.000276253     11.388797385      1.615695343      0.000077997      0.000033911      0.001017509    219.234609978      0.003345057      0.002865521      0.002513443      0.000000268      0.063689897      0.000000000      0.000000000      0.000500002      0.000000000      0.000000000      0.000007845      0.000002009      0.000001913   5943.139161121     33.324221577      0.000000664      0.000381156      0.000000104      0.000000001      0.000000000      0.000000000      0.000000000      0.000000000
    1   22  22.0000     4.037479877     7.412403584     0.000072538     1.000000000     0.000000000    240.768718007     93.273107810      0.000000011      0.000295458     11.811193172      1.674408372      0.000084376      0.000035855      0.001065670    212.298138985      0.003582251      0.003082803      0.002559980      0.000000276      0.063794198      0.000000000      0.000000000      0.000500002      0.000000000      0.000000000      0.000008489      0.000001969      0.000001868   5944.074352415     34.403268122      0.000000698      0.000396215      0.000000107      0.000000001      0.000000000      0.000000000      0.000000000      0.000000000
    1   23  23.0000     4.037628651     7.412429810     0.000072594     1.000000000     0.000000000    245.920522268     93.385189543      0.000000009      0.000315260     12.227633995      1.732692699      0.000091304      0.000037855      0.001115733    205.499956169      0.003842527      0.003320701      0.002610132      0.000000284      0.063903509      0.000000000      0.000000000      0.000500002      0.000000000      0.000000000      0.000009188      0.000001931      0.000001824   5945.042924644     35.485786667      0.000000733      0.000411687      0.000000109      0.000000001      0.000000000      0.000000000      0.000000000      0.000000000
    1   24  24.0000     4.037776947     7.412456036     0.000072580     1.000000000     0.000000000    251.040009783     93.507872979      0.000000007      0.000335665     12.637963681      1.790551174      0.000098851      0.000039913      0.001167796    198.834637962      0.004128427      0.003581417      0.002664268      0.000000292      0.064018000      0.000000000      0.000000000      0.000500002      0.000000000      0.000000000      0.000009951      0.000001893      0.000001781   5946.035619504     36.572435199      0.000000769      0.000427564      0.000000112      0.000000001      0.000000000      0.000000000      0.000000000      0.000000000
    1   25  25.0000     4.037924290     7.412483692     0.000072565     1.000000000     0.000000000    256.124889728     93.641929618      0.000000006      0.000356656     13.041617824      1.847934271      0.000107098      0.000042029      0.001221930    192.303347633      0.004442601      0.003867226      0.002722774      0.000000301      0.064137769      0.000000000      0.000000000      0.000500002      0.000000000      0.000000000      0.000010785      0.000001857      0.000001740   5947.044314372     37.662875472      0.000000806      0.000443825      0.000000115      0.000000001      0.000000000      0.000000000      0.000000000      0.000000000
    1   26  26.0000     4.038069725     7.412515163     0.000072608     1.000000000     0.000000000    261.169259482     93.788093146      0.000000005      0.000378196     13.437732517      1.904754135      0.000116144      0.000044201      0.001278193    185.911939814      0.004787835      0.004180502      0.002786037      0.000000310      0.064262846      0.000000000      0.000000000      0.000500002      0.000000000      0.000000000      0.000011702      0.000001822      0.000001700   5948.061772616     38.756010075      0.000000845      0.000460429      0.000000117      0.000000001      0.000000000      0.000000000      0.000000000      0.000000000
    1   27  27.0000     4.038215160     7.412546635     0.000072594     1.000000000     0.000000000    266.175671710     93.947410867      0.000000004      0.000400275     13.826090341      1.961020185      0.000126141      0.000046428      0.001336763    179.655666221      0.005167924      0.004524504      0.002854548      0.000000319      0.064393501      0.000000000      0.000000000      0.000500002      0.000000000      0.000000000      0.000012717      0.000001788      0.000001661   5949.083730794     39.852597791      0.000000886      0.000477361      0.000000120      0.000000001      0.000000000      0.000000000      0.000000000      0.000000000
    1   28  28.0000     4.038360596     7.412578106     0.000072608     1.000000000     0.000000000    271.141441442     94.120873055      0.000000003      0.000422858     14.206035309      2.016684332      0.000137287      0.000048709      0.001397794    173.536661041      0.005586830      0.004902609      0.002928809      0.000000329      0.064529914      0.000000000      0.000000000      0.000500002      0.000000000      0.000000000      0.000013851      0.000001755      0.000001623   5950.105858195     40.952306094      0.000000928      0.000494582      0.000000122      0.000000001      0.000000000      0.000000000      0.000000000      0.000000000
    1   29  29.0000     4.038506031     7.412609577     0.000072593     1.000000000     0.000000000    276.068690634     94.309737836      0.000000002      0.000445920     14.577249146      2.071753506      0.000149874      0.000051042      0.001461543    167.551385722      0.006049509      0.005319049      0.003009420      0.000000339      0.064672436      0.000000000      0.000000000      0.000500002      0.000000000      0.000000000      0.000015137      0.000001724      0.000001586   5951.125554584     42.055913050      0.000000972      0.000512066      0.000000125      0.000000001      0.000000000      0.000000000      0.000000000      0.000000000
    1   30  30.0000     4.038655281     7.412645340     0.000072622     1.000000000     0.000000000    280.955791963     94.515239379      0.000000002      0.000469410     14.939093345      2.126193401      0.000164309      0.000053425      0.001528264    161.701200585      0.006561243      0.005778307      0.003097005      0.000000349      0.064821360      0.000000000      0.000000000      0.000500002      0.000000000      0.000000000      0.000016618      0.000001693      0.000001551   5952.139993858     43.163417369      0.000001017      0.000529769      0.000000127      0.000000001      0.000000000      0.000000000      0.000000000      0.000000000
    1   31  31.0000     4.038808346     7.412684917     0.000072664     1.000000000     0.000000000    285.804347128     94.738843596      0.000000001      0.000493282     15.291138292      2.180006307      0.000181187      0.000055853      0.001598309    155.983836586      0.007128301      0.006285709      0.003192263      0.000000360      0.064977120      0.000000000      0.000000000      0.000500002      0.000000000      0.000000000      0.000018360      0.000001664      0.000001516   5953.147411516     44.275593664      0.000001064      0.000547653      0.000000129      0.000000001      0.000000000      0.000000000      0.000000000      0.000000000
    1   32  32.0000     4.038960934     7.412724495     0.000072635     1.000000000     0.000000000    290.623031578     94.982473875      0.000000001      0.000517513     15.633424795      2.233273038      0.000201394      0.000058325      0.001672192    150.389095339      0.007758569      0.006847976      0.003296074      0.000000371      0.065140432      0.000000000      0.000000000      0.000500002      0.000000000      0.000000000      0.000020459      0.000001635      0.000001483   5954.147789183     45.394909197      0.000001114      0.000565704      0.000000131      0.000000001      0.000000000      0.000000000      0.000000000      0.000000000
    1   33  33.0000     4.039113522     7.412764072     0.000072607     1.000000000     0.000000000    295.417155887     95.248035687      0.000000001      0.000542055     15.965703339      2.286036760      0.000226186      0.000060838      0.001750452    144.911193469      0.008460384      0.007472174      0.003409398      0.000000383      0.065311964      0.000000000      0.000000000      0.000500002      0.000000000      0.000000000      0.000023053      0.000001608      0.000001451   5955.140593117     46.523134347      0.000001165      0.000583889      0.000000133      0.000000001      0.000000000      0.000000000      0.000000000      0.000000000
    1   34  34.0000     4.039266586     7.412804127     0.000072649     1.000000000     0.000000000    300.188692348     95.537310326      0.000000001      0.000566834     16.287473794      2.338304117      0.000257337      0.000063386      0.001833639    139.548347983      0.009242223      0.008165446      0.003533228      0.000000396      0.065492294      0.000000000      0.000000000      0.000500002      0.000000000      0.000000000      0.000026338      0.000001581      0.000001421   5956.124725865     47.661283147      0.000001219      0.000602164      0.000000135      0.000000001      0.000000000      0.000000000      0.000000000      0.000000000
    1   35  35.0000     4.039435863     7.412854195     0.000072721     1.000000000     0.000000000    304.943530968     95.852294795      0.000000001      0.000591784     16.598510238      2.390125460      0.000297379      0.000065964      0.001922423    134.294329887      0.010113571      0.008935779      0.003668667      0.000000408      0.065682152      0.000000000      0.000000000      0.000500003      0.000000000      0.000000000      0.000030592      0.000001556      0.000001393   5957.100000608     48.811288553      0.000001274      0.000620494      0.000000137      0.000000001      0.000000000      0.000000000      0.000000000      0.000000000
    1   36  36.0000     4.039611816     7.412908077     0.000072692     1.000000000     0.000000000    309.696571173     96.195578326      0.000000000      0.000616879     16.899179587      2.441649720      0.000349992      0.000068569      0.002017711    129.133036617      0.011085999      0.009792958      0.003817135      0.000000422      0.065882633      0.000000000      0.000000000      0.000500003      0.000000000      0.000000000      0.000036220      0.000001531      0.000001369   5958.068153395     49.977262647      0.000001332      0.000638884      0.000000138      0.000000001      0.000000000      0.000000000      0.000000000      0.000000000
    1   37  37.0000     4.039787769     7.412962437     0.000072692     1.000000000     0.000000000    314.454266069     96.569125865      0.000000000      0.000642050     17.189320811      2.492934539      0.000420343      0.000071197      0.002120317    124.057624159      0.012169796      0.010745576      0.003980077      0.000000436      0.066094485      0.000000000      0.000000000      0.000500003      0.000000000      0.000000000      0.000043795      0.000001507      0.000001348   5959.029257892     51.161242680      0.000001393      0.000657306      0.000000140      0.000000001      0.000000000      0.000000000      0.000000000      0.000000000
    1   38  38.0000     4.039963245     7.413016319     0.000072734     1.000000000     0.000000000    319.221391948     96.974593710      0.000000000      0.000667221     17.468734970      2.544021138      0.000515892      0.000073841      0.002231081    119.062650298      0.013374794      0.011801770      0.004159025      0.000000451      0.066318329      0.000000000      0.000000000      0.000500003      0.000000000      0.000000000      0.000054140      0.000001483      0.000001333   5959.983137013     52.364754929      0.000001456      0.000675733      0.000000141      0.000000001      0.000000000      0.000000000      0.000000000      0.000000000
    1   39  39.0000     4.040139198     7.413070202     0.000072720     1.000000000     0.000000000    324.008040056     97.413924131      0.000000000      0.000692344     17.737593812      2.595009040      0.000647898      0.000076497      0.002351061    114.136755477      0.014712284      0.012970877      0.004355832      0.000000467      0.066554986      0.000000000      0.000000000      0.000500003      0.000000000      0.000000000      0.000068501      0.000001461      0.000001328   5960.930751849     53.590578742      0.000001521      0.000694165      0.000000142      0.000000002      0.000000000      0.000000000      0.000000000      0.000000000
    1   40  40.0000     4.040372372     7.413154125     0.000072906     1.000000000     0.000000000    328.806192728     97.887260001      0.000000000      0.000717283     17.995098608      2.645805747      0.000833118      0.000079156      0.002481024    109.286905139      0.016189019      0.014258136      0.004571932      0.000000484      0.066804348      0.000000000      0.000000000      0.000500003      0.000000000      0.000000000      0.000088735      0.000001438      0.000001337   5961.869528729     54.836776062      0.000001590      0.000712540      0.000000143      0.000000002      0.000000000      0.000000000      0.000000000      0.000000000
    1   41  41.0000     4.040606976     7.413238049     0.000072892     1.000000000     0.000000000    333.634494406     98.397342710      0.000000000      0.000742033     18.241886538      2.696600679      0.001099111      0.000081814      0.002622744    104.492990997      0.017821375      0.015676980      0.004809616      0.000000502      0.067067698      0.000000000      0.000000000      0.000500003      0.000000000      0.000000000      0.000117897      0.000001416      0.000001370   5962.802102455     56.108296603      0.000001660      0.000730902      0.000000144      0.000000002      0.000000000      0.000000000      0.000000000      0.000000000
    1   42  42.0000     4.040841103     7.413321972     0.000072863     1.000000000     0.000000000    338.502409331     98.946462271      0.000000000      0.000766534     18.477925006      2.747480875      0.001489388      0.000084469      0.002778322     99.745150419      0.019627098      0.017241680      0.005071247      0.000000521      0.067346028      0.000000000      0.000000000      0.000500003      0.000000000      0.000000000      0.000160810      0.000001395      0.000001444   5963.729097715     57.407900298      0.000001734      0.000749264      0.000000145      0.000000002      0.000000000      0.000000000      0.000000000      0.000000000
    1   43  43.0000     4.041075230     7.413405895     0.000072935     1.000000000     0.000000000    343.418745690     99.537437110      0.000000000      0.000790709     18.702912179      2.798519673      0.002071434      0.000087113      0.002950619     95.035312076      0.021629339      0.018970734      0.005359235      0.000000541      0.067640533      0.000000000      0.000000000      0.000500003      0.000000000      0.000000000      0.000224959      0.000001373      0.000001585   5964.650708944     58.738417559      0.000001811      0.000767634      0.000000146      0.000000002      0.000000000      0.000000000      0.000000000      0.000000000
    1   44  44.0000     4.041385651     7.413526058     0.000073050     1.000000000     0.000000000    348.406485588    100.175506003      0.000000000      0.000814515     18.916909658      2.849929457      0.002946421      0.000089742      0.003143944     90.343157857      0.023863713      0.020892879      0.005676511      0.000000564      0.067953547      0.000000000      0.000000000      0.000500003      0.000000000      0.000000000      0.000321565      0.000001351      0.000001836   5965.569421517     60.106802508      0.000001890      0.000786072      0.000000146      0.000000002      0.000000000      0.000000000      0.000000000      0.000000000
    1   45  45.0000     4.041819096     7.413706303     0.000073416     1.000000000     0.000000000    353.484023453    100.865870858      0.000000000      0.000837875     19.119554572      2.901868832      0.004251268      0.000092346      0.003363325     85.653689384      0.026369510      0.023039531      0.006025656      0.000000588      0.068287333      0.000000000      0.000000000      0.000500003      0.000000000      0.000000000      0.000465814      0.000001330      0.000002254   5966.486593790     61.518960038      0.000001972      0.000804619      0.000000146      0.000000002      0.000000000      0.000000000      0.000000000      0.000000000
    1   46  46.0000     4.042253017     7.413886070     0.000073445     1.000000000     0.000000000    358.710888018    101.619408260      0.000000000      0.000860907     19.312070737      2.954915436      0.006168450      0.000094932      0.003616126     80.914077525      0.029208719      0.025461249      0.006411797      0.000000614      0.068646904      0.000000000      0.000000000      0.000500003      0.000000000      0.000000000      0.000677939      0.000001307      0.000002921   5967.410977749     62.992241825      0.000002056      0.000823472      0.000000147      0.000000002      0.000000000      0.000000000      0.000000000      0.000000000
    1   47  47.0000     4.042686462     7.414066315     0.000073445     1.000000000     0.000000000    364.107435032    102.441005259      0.000000000      0.000883634     19.494343211      3.009252083      0.008896411      0.000097506      0.003907966     76.106495464      0.032420952      0.028189395      0.006840661      0.000000644      0.069034452      0.000000000      0.000000000      0.000500003      0.000000000      0.000000000      0.000979939      0.000001284      0.000003931   5968.344601643     64.532793296      0.000002143      0.000842717      0.000000147      0.000000002      0.000000000      0.000000000      0.000000000      0.000000000
    1   48  48.0000     4.043141365     7.414256573     0.000073474     1.000000000     0.000000000    369.643064372    103.326066080      0.000000000      0.000905985     19.665165074      3.064565280      0.012612812      0.000100076      0.004240740     71.255434719      0.036004594      0.031220632      0.007319252      0.000000676      0.069447861      0.000000000      0.000000000      0.000500003      0.000000000      0.000000000      0.001391507      0.000001260      0.000005378   5969.281580541     66.131453797      0.000002234      0.000862295      0.000000147      0.000000002      0.000000000      0.000000000      0.000000000      0.000000000
    1   49  49.0000     4.044595718     7.414941311     0.000076466     1.000000000     0.000000000    374.999749692    104.220096568      0.000000000      0.000926895     19.815950831      3.117709002      0.017240363      0.000102557      0.004595983     66.630243633      0.039744349      0.034371908      0.007836479      0.000000711      0.069862062      0.000000000      0.000000000      0.000500003      0.000000000      0.000000000      0.001904075      0.000001235      0.000007266   5970.169422344     67.694374101      0.000002323      0.000881163      0.000000147      0.000000002      0.000000000      0.000000000      0.000000000      0.000000000
    1   50  50.0000     4.046050072     7.415626049     0.000076516     1.000000000     0.000000000    380.219047671    105.125019426      0.000000000      0.000946655     19.949622883      3.169141304      0.022922312      0.000104997      0.004975780     62.183702449      0.043648745      0.037649853      0.008404468      0.000000747      0.070278429      0.000000000      0.000000000      0.000500003      0.000000000      0.000000000      0.002533487      0.000001209      0.000009694   5971.017157297     69.231144908      0.000002414      0.000899496      0.000000147      0.000000002      0.000000000      0.000000000      0.000000000      0.000000000
    1   51  51.0000     4.047503948     7.416310787     0.000076533     1.000000000     0.000000000    385.072586473    105.997289235      0.000000000      0.000964564     20.061665229      3.216646492      0.029562758      0.000107385      0.005363825     58.101292602      0.047534216      0.040899296      0.009027000      0.000000784      0.070677298      0.000000000      0.000000000      0.000500003      0.000000000      0.000000000      0.003269060      0.000001185      0.000012686   5971.789377333     70.672460653      0.000002505      0.000916514      0.000000146      0.000000002      0.000000000      0.000000000      0.000000000      0.000000000
    1   52  52.0000     4.061758518     7.423612595     0.000210931     1.000000000     0.000000000    386.612989459    106.284987866      0.000000000      0.000970063     20.092807605      3.231607125      0.032270167      0.000108243      0.005500966     56.823435609      0.048864443      0.042006620      0.009279005      0.000000796      0.070808034      0.000000000      0.000000000      0.000500003      0.000000000      0.000000000      0.003568910      0.000001177      0.000013987   5972.028663130     71.134053513      0.000002538      0.000921885      0.000000146      0.000000002      0.000000000      0.000000000      0.000000000      0.000000000
    1   53  53.0000     4.100869179     7.443762779     0.000050167     1.000000000     0.000000000    392.054580914    107.352688614      0.000000000      0.000985582     20.181765893      3.283902186      0.044885798      0.000109957      0.006054758     52.392567831      0.054033684      0.046285514      0.009773032      0.000000842      0.071289495      0.000000000      0.000000000      0.000500004      0.000000000      0.000000000      0.004965744      0.000001148      0.000020415   5972.846392649     72.784052465      0.000002604      0.000939527      0.000000146      0.000000002      0.000000000      0.000000000      0.000000000      0.000000000
    1   54  54.0000     4.378659725     7.615021706     0.000014396     1.000000000     0.000000000    406.395635098    110.378834456      0.000000000      0.001017795     20.326930490      3.419387118      0.093952982      0.000112808      0.007838973     41.048401667      0.069738903      0.059174087      0.010649252      0.000000988      0.072639540      0.000000000      0.000000000      0.000500007      0.000000000      0.000000000      0.010391978      0.000001060      0.000047750   5974.886650003     77.209273881      0.000002710      0.000983437      0.000000144      0.000000003      0.000000000      0.000000000      0.000000000      0.000000000
    1   55  55.0000     4.688495636     7.832570553     0.000012744     1.000000000     0.000000000    417.431094205    113.024676317      0.000000000      0.001037741     20.298648251      3.519995723      0.164806319      0.000116050      0.009872782     32.791323558      0.085392733      0.071803076      0.011886919      0.000001131      0.073800328      0.000000000      0.000000002      0.000500031      0.000000000      0.000000000      0.018190004      0.000000980      0.000095005   5976.283905705     80.719738099      0.000002854      0.001017543      0.000000142      0.000000003      0.000000000      0.000000000      0.000000000      0.000000000
    1   56  56.0000     4.763673306     7.911510468     0.000021577     1.000000000     0.000000000    423.219702649    114.641983282      0.000000000      0.001034366     20.178482600      3.570047018      0.232108123      0.000119111      0.011558194     28.792959465      0.096452733      0.080557441      0.013408004      0.000001219      0.074497422      0.000000000      0.000000010      0.000500123      0.000000000      0.000000000      0.025511153      0.000000938      0.000148194   5976.893247829     82.632200094      0.000003025      0.001031543      0.000000140      0.000000003      0.000000000      0.000000000      0.000000000      0.000000000
    1   57  57.0000     4.762330532     7.932449818     0.000046644     1.000000000     0.000000000    426.087067172    115.534482863      0.000000000      0.001021069     20.075147115      3.593724812      0.280423826      0.000121540      0.012691610     26.942790736      0.103174634      0.085807818      0.014732262      0.000001267      0.074877655      0.000000000      0.000000031      0.000500304      0.000000000      0.000000000      0.030665534      0.000000919      0.000191137   5977.146981805     83.605726801      0.000003163      0.001035060      0.000000139      0.000000003      0.000000000      0.000000000      0.000000000      0.000000000
    1   58  58.0000     4.760987759     7.953389168     0.000046656     1.000000000     0.000000000    429.259527510    116.595852010      0.000000000      0.000994007     19.924097984      3.619000704      0.348176012      0.000124991      0.014220792     25.000135382      0.111692244      0.092399868      0.016163252      0.000001324      0.075326387      0.000000000      0.000000100      0.000500732      0.000000000      0.000000000      0.037721046      0.000000899      0.000256453   5977.389740387     84.702579576      0.000003305      0.001035239      0.000000138      0.000000003      0.000000000      0.000000000      0.000000000      0.000000000
    1   59  59.0000     4.757026672     7.973698616     0.000047470     1.000000000     0.000000000    432.675158459    117.800074843      0.000000000      0.000950604     19.729532844      3.645425381      0.435600639      0.000131866      0.016138450     22.994364284      0.121850539      0.100199340      0.017691309      0.000001389      0.075832573      0.000000000      0.000000314      0.000501690      0.000000000      0.000000000      0.046481877      0.000000879      0.000347478   5977.620697497     85.898277862      0.000003448      0.001032179      0.000000137      0.000000003      0.000000000      0.000000000      0.000000000      0.000000000
    1   60  60.0000     4.752411366     7.993850708     0.000047683     1.000000000     0.000000000    436.287850424    119.132327676      0.000000000      0.000886383     19.492270151      3.672600587      0.544313553      0.000148067      0.018471343     20.953508586      0.133628883      0.109169212      0.019297125      0.000001464      0.076389681      0.000000000      0.000000936      0.000503730      0.000000000      0.000000000      0.056704354      0.000000856      0.000470216   5977.837210106     87.175459575      0.000003588      0.001025871      0.000000136      0.000000003      0.000000000      0.000000000      0.000000000      0.000000000
    1   61  61.0000     4.747790337     8.014414787     0.000047004     1.000000000     0.000000000    440.043410357    120.579980494      0.000000000      0.000801303     19.211472177      3.699997722      0.676761444      0.000180055      0.021271380     18.917202259      0.147074511      0.119316090      0.020922035      0.000001550      0.076991959      0.000000000      0.000002689      0.000507865      0.000000000      0.000000000      0.067882182      0.000000832      0.000633442   5978.033560145     88.515220340      0.000003720      0.001016266      0.000000135      0.000000003      0.000000000      0.000000000      0.000000000      0.000000000
    1   62  62.0000     4.742964268     8.050427437     0.000032786     1.000000000     0.000000000    445.373469852    122.733862144      0.000000000      0.000702813     18.759360197      3.737495474      0.897821474      0.000214397      0.025914266     16.160296838      0.168198413      0.135091257      0.022935895      0.000001686      0.077883379      0.000000000      0.000009328      0.000518730      0.000000000      0.000000000      0.083248518      0.000000795      0.000933052   5978.267942647     90.434235880      0.000003874      0.000998430      0.000000133      0.000000003      0.000000000      0.000000000      0.000000000      0.000000000
    1   63  63.0000     4.738138676     8.086439133     0.000032784     1.000000000     0.000000000    450.435961982    124.893318971      0.000000000      0.000621605     18.271287005      3.771466528      1.147945758      0.000243448      0.031215658     13.690367256      0.190823980      0.151762077      0.025089091      0.000001834      0.078772435      0.000000000      0.000028019      0.000541391      0.000000000      0.000000000      0.094031744      0.000000755      0.001313979   5978.441093717     92.275245669      0.000004026      0.000976721      0.000000131      0.000000004      0.000000000      0.000000000      0.000000000      0.000000000
    1   64  64.0000     4.735978603     8.134788513     0.000027653     1.000000000     0.000000000    455.963677374    127.400510943      0.000000000      0.000545002     17.667626877      3.806323063      1.475335979      0.000269573      0.038352432     11.181999991      0.219207757      0.172336261      0.027555848      0.000002021      0.079799926      0.000000000      0.000086081      0.000590064      0.000000000      0.000000000      0.094591028      0.000000706      0.001882326   5978.566135128     94.307731853      0.000004190      0.000947551      0.000000128      0.000000004      0.000000000      0.000000000      0.000000000      0.000000000
    1   65  65.0000     4.735119343     8.189160347     0.000025886     1.000000000     0.000000000    461.280387639    129.981845384      0.000000000      0.000478107     17.019122706      3.837201801      1.856714404      0.000291410      0.047084295      8.972413241      0.251176791      0.195055587      0.030280905      0.000002229      0.080854944      0.000000000      0.000240254      0.000680709      0.000000000      0.000000000      0.074714850      0.000000653      0.002642822   5978.614218969     96.286147957      0.000004361      0.000913434      0.000000126      0.000000004      0.000000000      0.000000000      0.000000000      0.000000000
    1   66  66.0000     4.736843586     8.251261711     0.000024060     1.000000000     0.000000000    466.360597558    132.634135824      0.000000000      0.000419097     16.345347065      3.863677410      2.333403406      0.000310561      0.058593957      7.066218858      0.287543776      0.220320378      0.033285999      0.000002460      0.081941057      0.000000000      0.000590276      0.000850378      0.000000000      0.000000000      0.057477458      0.000000595      0.003663278   5978.580843333     98.202461702      0.000004543      0.000871762      0.000000123      0.000000004      0.000000000      0.000000000      0.000000000      0.000000000
    1   67  67.0000     4.739697456     8.316745758     0.000023374     1.000000000     0.000000000    470.977733300    135.234587812      0.000000000      0.000368412     15.691742873      3.884565139      2.882814897      0.000327311      0.073184793      5.526803969      0.327391567      0.247303363      0.036508930      0.000002699      0.083013408      0.000000000      0.001329143      0.001138623      0.000000000      0.000000000      0.037266477      0.000000538      0.004970519   5978.468874951     99.969557082      0.000004732      0.000824428      0.000000121      0.000000004      0.000000000      0.000000000      0.000000000      0.000000000
    1   68  68.0000     4.745627880     8.387098312     0.000022495     1.000000000     0.000000000    475.202954326    137.790958027      0.000000000      0.000324180     15.065379049      3.900440951      3.473030585      0.000342138      0.091862277      4.269652567      0.371798849      0.276545495      0.039915295      0.000002948      0.084089140      0.000000000      0.002805133      0.001591803      0.000000000      0.000000000      0.014315226      0.000000480      0.006660629   5978.281529077    101.612009524      0.000004931      0.000773911      0.000000118      0.000000004      0.000000000      0.000000000      0.000000000      0.000000000
    1   69  69.0000     4.751166821     8.458597183     0.000022295     1.000000000     0.000000000    478.947771308    140.196910142      0.000000000      0.000286073     14.491096199      3.911415036      4.019378690      0.000355311      0.115107832      3.232594959      0.420170286      0.307476751      0.043378265      0.000003201      0.085146240      0.000000000      0.005467441      0.002231060      0.000000000      0.000000000      0.003979465      0.000000419      0.008787392   5978.028059230    103.093092244      0.000005136      0.000726452      0.000000116      0.000000004      0.000000000      0.000000000      0.000000000      0.000000000
    1   70  70.0000     4.753726959     8.532807350     0.000021822     1.000000000     0.000000000    482.293167935    142.489035003      0.000000000      0.000252566     13.961667181      3.918329682      4.508178966      0.000367160      0.144204821      2.363440512      0.473694896      0.340726860      0.046773528      0.000003459      0.086208620      0.000000000      0.009940565      0.003046701      0.000000000      0.000000000      0.001533091      0.000000356      0.011499435   5977.707394053    104.442773071      0.000005350      0.000682915      0.000000113      0.000000004      0.000000000      0.000000000      0.000000000      0.000000000
    1   71  71.0000     4.754850864     8.607425690     0.000021749     1.000000000     0.000000000    485.204925454    144.640425535      0.000000000      0.000223110     13.487046079      3.921827719      4.931120842      0.000377622      0.179359208      1.660657002      0.531634631      0.375797249      0.049911586      0.000003714      0.087266288      0.000000000      0.016686015      0.003965136      0.000000000      0.000000000      0.001214673      0.000000300      0.014877413   5977.326375442    105.645168261      0.000005574      0.000644100      0.000000110      0.000000005      0.000000000      0.000000000      0.000000000      0.000000000
    1   72  72.0000     4.754602432     8.682434082     0.000021676     1.000000000     0.000000000    487.705785910    146.657985999      0.000000000      0.000196835     13.067934223      3.922726192      5.292921043      0.000386911      0.220926897      1.109282795      0.593456729      0.412480149      0.052624621      0.000003959      0.088323491      0.000000000      0.025918592      0.004873898      0.000000000      0.000000000      0.001216342      0.000000290      0.019021871   5976.888432075    106.707308609      0.000005813      0.000609946      0.000000108      0.000000005      0.000000000      0.000000000      0.000000000      0.000000000
    1   73  73.0000     4.758238316     8.752883911     0.000022464     1.000000000     0.000000000    489.737293922    148.470328992      0.000000000      0.000173806     12.719070441      3.921800812      5.586835632      0.000395349      0.266876832      0.709272676      0.655507579      0.448922449      0.054790988      0.000004183      0.089341007      0.000000000      0.036957866      0.005652242      0.000000000      0.000000000      0.001254485      0.000000610      0.023834605   5976.416742685    107.599708272      0.000006080      0.000581530      0.000000106      0.000000005      0.000000000      0.000000000      0.000000000      0.000000000
    1   74  74.0000     4.762666702     8.822402954     0.000022638     1.000000000     0.000000000    491.420889313    150.156717825      0.000000000      0.000152720     12.425070827      3.919615924      5.831618326      0.000404197      0.318134133      0.421799916      0.718815358      0.486223890      0.056579071      0.000004429      0.090363489      0.000000000      0.049543767      0.006293805      0.000000000      0.000000000      0.001294963      0.000003422      0.029617458   5975.895813553    108.369320935      0.000006418      0.000557795      0.000000103      0.000000005      0.000000000      0.000000000      0.000000000      0.000000000
    1   75  75.0000     4.765188217     8.845461845     0.000043890     1.000000000     0.000000000    492.165731448    151.007359677      0.000000000      0.000142039     12.295124442      3.917945384      5.941036762      0.000411033      0.348153238      0.314471883      0.753124117      0.506842502      0.057851055      0.000004704      0.090925433      0.000000000      0.056725385      0.006734612      0.000000000      0.000000000      0.001316421      0.000014611      0.033390121   5975.585639711    108.725217330      0.000006709      0.000547453      0.000000102      0.000000005      0.000000000      0.000000000      0.000000000      0.000000000
    1   76  76.0000     4.767433643     8.861798286     0.000056636     1.000000000     0.000000000    492.673131874    151.677141994      0.000000000      0.000135485     12.208093990      3.916216969      6.016634449      0.000416535      0.374848609      0.256158829      0.781767386      0.524489741      0.058834147      0.000005408      0.091406529      0.000000000      0.062851530      0.007065381      0.000000000      0.000000000      0.001334294      0.000056344      0.037111331   5975.302613727    108.980179977      0.000006958      0.000541543      0.000000102      0.000000005      0.000000000      0.000000000      0.000000000      0.000000000
    1   77  77.0000     4.769155025     8.874322891     0.000071594     1.000000000     0.000000000    493.034595820    152.232179785      0.000000000      0.000131996     12.148256201      3.914478413      6.071367775      0.000420235      0.399228057      0.226176265      0.806639201      0.540182725      0.059506961      0.000007372      0.091835910      0.000000000      0.068196952      0.007288852      0.000000000      0.000000000      0.001349534      0.000190226      0.040826321   5975.037574275    109.172294109      0.000007131      0.000538535      0.000000101      0.000000005      0.000000000      0.000000000      0.000000000      0.000000000
    1   78  77.7500     4.769155025     8.874322891     0.000072697     0.500000000     0.000000000    493.278128129    152.668112759      0.000000000      0.000130891     12.110243502      3.912901199      6.108795056      0.000421501      0.419937586      0.214672512      0.826916408      0.553233524      0.059743703      0.000012095      0.092194899      0.000000000      0.072542319      0.007368056      0.000000000      0.000000000      0.001361008      0.000539805      0.044222234   5974.807804363    109.310035505      0.000007191      0.000537557      0.000000101      0.000000005      0.000000000      0.000000000      0.000000000      0.000000000
    1   79  78.1333     4.769155025     8.874322891     0.000005000     0.266666667     0.000000000    495.004779651    156.011976297      0.000000000      0.000128554     11.852481329      3.900051670      6.375008091      0.000422880      0.584398405      0.167969275      0.984976552      0.655798540      0.059962716      0.000079618      0.095025034      0.000000000      0.106329741      0.007444207      0.000000000      0.000000000      0.001434847      0.005774263      0.072076340   5972.967826429    110.320924085      0.000007259      0.000534942      0.000000101      0.000000005      0.000000000      0.000000000      0.000000000      0.000000000
    1   80  78.3333     4.769155025     8.874322891     0.000002331     0.133333333     0.000000000    496.879637009    159.827220119      0.000000000      0.000127393     11.596726791      3.884825304      6.652950134      0.000423583      0.776341180      0.140297552      1.166556265      0.773915516      0.060077837      0.000344626      0.098301674      0.000000000      0.144928830      0.007483593      0.000000000      0.000000000      0.001491618      0.028103127      0.105614937   5970.804985566    111.445480377      0.000007294      0.000533657      0.000000101      0.000000005      0.000000000      0.000000000      0.000000000      0.000000000
    1   81  78.4333     4.769155025     8.874322891     0.000000996     0.066666667     0.000000000    499.026071045    164.342564478      0.000000000      0.000126822     11.350207684      3.866383340      6.936856785      0.000423932      1.006114111      0.124152652      1.381434168      0.913761650      0.060138969      0.001148694      0.102199073      0.000000000      0.190362327      0.007504247      0.000000000      0.000000000      0.001543457      0.100058490      0.146708566   5968.175962925    112.753579215      0.000007312      0.000533037      0.000000101      0.000000005      0.000000000      0.000000000      0.000000000      0.000000000
    1   82  78.4831     4.769155025     8.874322891     0.000000329     0.032833333     0.000000000    502.207894903    171.211372349      0.000000000      0.000126543     11.089804863      3.837948050      7.266464008      0.000424103      1.356405390      0.114172106      1.706335321      1.125254698      0.060172308      0.003592020      0.108112432      0.000000000      0.258793738      0.007515842      0.000000000      0.000000000      0.001649945      0.328490302      0.210364070   5964.057373162    114.712974309      0.000007320      0.000532740      0.000000101      0.000000005      0.000000000      0.000000000      0.000000000      0.000000000
    1   83  78.4998     4.769155025     8.874322891     0.000000000     0.000500000     0.000000000    849.908293066    943.259177775      0.000000003      4.241207388      0.304215760      0.000000000     26.837181277    147.561761239     40.344509860      0.006534952     37.668610535     25.257558500   2242.499905267      0.041900503      0.763796610      0.167112341      7.924933307    177.472405867      0.012361623      0.067044980      0.000000000     47.634273241      7.376410957   5484.884132517    330.365232279    111.711092448      0.919764885      0.000182787     14.475706424     11.430027174      0.000000778      0.000003371      0.000000000
    1   84  78.5003     4.769155025     8.874322891     0.000000000     0.000500000     0.000000000    818.782767022    914.759088883      0.000000000      3.283139683      0.051292194      1.716697418     26.092827223    219.570705460     39.645638439      0.003999115     36.936939399     22.592227098    313.878375366      1.401832429      0.747993777      0.248875868      7.431240823     15.506865071      0.028466230      0.092240639      0.000000000     45.581855697      7.247196380   5189.008888648    321.003046359    352.183118923      0.285893787      0.000016203     15.362908559     18.642674449      0.000000275      0.000080796      0.000000000
    1   85  78.5010     4.769155025     8.874322891     0.000000000     0.001000000     0.000000000    834.196648690    941.948109785      0.000000000      0.965416923      0.000000933      4.473016960     26.883369144    272.279525120     41.536893854      0.001925510     38.526351773     20.741877988     10.610552577      3.313387276      0.780520004      0.436283068      7.354376831      0.080162914      0.123185473      0.134733356      0.000000000     46.150385093      7.582618296   5148.852327367    331.121166352    591.263059693      0.142647744      0.000000619     15.863053085     24.737227510      0.000000119      0.002809610      0.000000000
    1   86  78.5025     4.769155025     8.874322891     0.000000000     0.002000000     0.000000000    863.024443079    995.614519478      0.000000000      0.094635961      0.000000000      9.213874311     28.217003939    263.034094426     45.204664351      0.000434304     41.288802497     17.548627370      0.020308569      7.149753130      0.845829047      2.523001591      7.213985889      0.000006303      1.955320581      0.818313858      0.000000000     47.229246692      8.193051598   5069.453060558    350.293205998    332.217207738      0.035291239      0.000000012     23.842111640     20.350807198      0.000060594      0.107521836      0.000000000
    1   87  78.5055     4.769155025     8.874322891     0.000000000     0.004000000     0.000000000    916.399060603   1099.368232988      0.000000000      0.002238785      0.000000000     16.761564755     30.325065751    160.186878633     51.780236318      0.000030087     45.546711923     12.413151845      0.000030396     15.252470025      0.977420857     12.508366331      6.921233692      0.000000287     10.988286005      4.073539037      0.000000000     48.738190328      9.191114480   4914.099547022    386.354976561     59.994016643      0.003095211      0.000000000     31.926421799      1.990162493      0.000447492      0.816711807      0.000000000
    1   88  78.5115     4.769155025     8.874322891     0.000000000     0.008000000     0.000000000   1027.711159140   1302.550449896      0.000000000      0.000060933      0.000000000     26.097319845     34.886755169     58.649080701     59.962366517      0.000000481     50.173748083      5.952602876      0.000000145     32.729810877      1.243898926     37.746010888      6.291084925      0.000000005     27.291155726     10.697191589      0.000000000     49.743258323     10.619475590   4615.169690450    456.165139648      3.590196358      0.000320464      0.000000000     32.849006176      0.013861464      0.001600555      2.509733464      0.000000000
    1   89  78.5205     4.769155025     8.874322891     0.000000000     0.010000000     0.000000000   1228.623776964   1605.256276064      0.000000000      0.000000343      0.000000000     31.487859568     45.303219274     23.107902452     66.179111729      0.000000003     51.164522736      2.075934344      0.000000001     60.338425559      1.649496131     97.621603649      5.262623656      0.000000000     53.309601756     23.509414711      0.000000000     48.163359535     11.920995051   4187.340523161    557.131021809      0.113554848      0.000210390      0.000000000     24.175005286      0.000050366      0.003579724      6.287969417      0.000000000
    1   90  78.5305     4.769155025     8.874322891     0.000000000     0.010000000     0.000000000   1473.097772213   1936.820476287      0.000000000      0.000000002      0.000000000     33.253395552     58.770779600      6.055843427     69.588355151      0.000000000     49.437623377      0.729968635      0.000000000     89.480831042      2.090027851    214.386829034      4.151404913      0.000000000     89.589099693     44.954442173      0.000000000     45.095204286     12.641311287   3734.497371238    660.651033007      0.002647731      0.000412803      0.000000000     12.968730547      0.000000135      0.006441183     14.209281751      0.000000000
    1   91  78.5405     4.769155025     8.874322891     0.000000000     0.010000000     0.000000000   1713.638311934   2264.007314749      0.000000000      0.000000000      0.000000000     33.914164336     71.137074004      0.946941463     71.930569768      0.000000000     47.178897545      0.281972314      0.000000000    115.147078869      2.501833976    377.786739227      3.183467087      0.000000000    128.066435565     70.766096777      0.000000000     42.064577346     12.888129842   3299.940615908    751.801935313      0.000050361      0.000255293      0.000000000      4.856125314      0.000000000      0.665594906     27.392920510      0.000000000
    1   92  78.5505     4.769155025     8.874322891     0.000000000     0.010000000     0.000000000   1939.985887462   2587.301788574      0.000000000      0.000000000      0.000000000     34.411317430     81.215303945      0.232662486     73.856626568      0.000000000     45.102283291      0.113907347      0.000000000    136.312607516      2.867378113    583.270654680      2.407947834      0.000000000    164.735092798     99.503335287      0.000000000     39.522052493     12.817809415   2878.670055133    827.565351461      0.000000827      0.000196249      0.000000000      2.243650221      0.000000000      1.790692805     46.990099564      0.000000000
    1   93  78.5605     4.769155025     8.874322891     0.000000000     0.010000000     0.000000000   2151.880138101   2907.116305617      0.000000000      0.000000000      0.000000000     35.003276224     89.029637630      0.101506111     75.349725915      0.000000000     43.413165599      0.047033938      0.000000000    152.359468322      3.167506083    834.965313887      1.835564722      0.000000000    199.708237088    132.431646127      0.000000000     37.588140852     12.561749725   2466.888314160    885.478717410      0.000000012      0.000169465      0.000000000      1.435465049      0.000000000      4.414584779     74.663571127      0.000000000
    1   94  78.5705     4.769155025     8.874322891     0.000000000     0.010000000     0.000000000   2352.325375168   3224.697106073      0.000000000      0.000000000      0.000000000     35.725821954     94.976715457      0.066780197     76.314332708      0.000000000     42.174069681      0.020332093      0.000000000    162.925058211      3.381614853   1138.199367864      1.458653229      0.000000000    235.408711339    170.573008275      0.000000000     36.265822906     12.246024617   2061.599186392    923.628440776      0.000000000      0.000150991      0.000000000      1.147467838      0.000000000     12.086453247    111.984662560      0.000000000
    1   95  78.5805     4.769155025     8.874322891     0.000000000     0.010000000     0.000000000   2545.923583280   3542.154550651      0.000000000      0.000000000      0.000000000     36.528468804     99.623096737      0.052547783     76.644504861      0.000000000     41.418425015      0.010908404      0.000000000    167.806613622      3.488870454   1493.303564119      1.267147365      0.000000000    275.675896847    213.241264817      0.000000000     35.522936518     11.994116763   1660.384945618    940.618021564      0.000000000      0.000139174      0.000000000      1.012522142      0.000000000     34.974533489    159.377528900      0.000000000
